2.000000 -0.000000
-1.500000 0.000000
-0.833333 -1.443376
-1.294427 -0.940456
-1.149049 -1.149049
-1.209133 -1.071198
-1.186846 -1.101232
-1.195456 -1.089802
-1.192181 -1.094174
-1.193434 -1.092505
-1.192956 -1.093142
-1.193138 -1.092899
-1.193069 -1.092992
-1.193095 -1.092956
-1.193085 -1.092970
-1.193089 -1.092965
-1.193087 -1.092967
-1.193088 -1.092966
-1.193088 -1.092966
-1.193088 -1.092966
-1.193088 -1.092966
-1.193088 -1.092966
-1.193088 -1.092966
-1.193088 -1.092966
-1.193088 -1.092966
-1.193088 -1.092966
-1.193088 -1.092966
-1.193088 -1.092966
-1.193088 -1.092966
-1.193088 -1.092966
-1.193088 -1.092966
-1.193088 -1.092966
-1.193088 -1.092966
-1.193088 -1.092966
-1.193088 -1.092966
-1.193088 -1.092966
-1.193088 -1.092966
-1.193088 -1.092966
-1.193088 -1.092966
-1.193088 -1.092966
-1.193088 -1.092966
-1.193088 -1.092966
-1.193088 -1.092966
-1.193088 -1.092966
0.131181 -0.708839
0.293960 0.252018
1.374080 -0.785254
-0.248857 0.271289
-0.779816 -3.633617
-0.151785 1.259971
0.090583 1.258182
0.054997 0.199824
2.644162 -5.190271
-0.403525 -0.726137
-0.058365 0.195228
-3.267395 -2.143244
-0.027631 -0.743575
0.275046 -1.702432
-0.368315 0.202109
-0.207547 2.225544
-0.522692 -0.179372
0.146050 -1.730447
-0.376912 0.194553
-1.105764 -2.587930
-0.396184 -0.508561
-0.502856 -0.686119
-0.079153 0.156701
1.559186 -4.429744
0.181614 -0.765819
-0.292399 2.251647
0.190492 1.259566
0.046898 0.209825
0.244527 4.252117
0.073022 -0.761719
0.073995 -0.730187
0.235506 0.275623
-0.092338 -1.755935
-0.391716 0.180468
-1.387144 3.014822
-0.412453 1.234236
0.311758 -1.692537
-0.365780 0.204256
1.389145 0.425107
-0.117710 0.288559
1.077529 4.068523
0.096343 1.233842
-0.008816 0.244095
-2.568927 1.724538
-0.300409 -0.606480
1.498263 -0.332872
-0.202052 0.283885
2.441756 -2.689648
-0.114624 -0.715599
0.461578 0.088241
-0.782679 0.812205
0.085822 0.074173
3.943097 -8.988980
0.883738 0.658133
1.594618 -1.046858
-0.111494 -0.764952
0.079434 0.282653
1.998095 1.340256
-0.504169 -0.295462
-0.653533 -2.631311
0.291920 1.252874
0.038065 0.219379
-0.682220 -3.716799
-0.067493 -0.732268
-0.965011 -0.146351
-0.024251 0.003770
1.000709 -39.733393
0.962685 -0.153465
1.425829 -0.653326
-0.235188 0.275719
2.358576 -1.006018
-0.469997 -0.388864
1.152965 0.800196
-0.067045 0.279537
-4.438599 0.597911
-1.010143 0.090026
0.013896 0.001221
-28.088128 -67.040554
1.009973 0.087522
-0.085762 0.134962
0.121893 5.252279
0.296435 -0.753440
-0.807692 -0.441342
-0.074022 0.044707
9.720828 -4.135702
0.749871 -0.507280
-1.974242 0.516717
-0.508979 -0.031965
-1.012269 0.141940
0.021490 0.002947
37.776867 28.133525
1.012158 0.135824
-0.059578 -1.754391
-0.389754 0.182418
1.180469 -1.109564
-0.283484 0.257157
-2.744009 -2.349914
-0.841962 -0.395296
-0.066898 0.034143
4.836594 11.324658
0.801765 -0.448724
0.201715 -0.674203
0.370185 0.200503
0.974430 0.970558
-0.039121 0.270076
-2.389116 -4.006107
0.269458 1.184117
0.812066 -1.632652
-0.653479 -0.593354
-0.089197 0.098558
6.455564 -0.934740
0.483337 -0.695180
1.418725 -0.673702
-0.237292 0.275078
-1.244637 -2.533454
-0.393437 -0.512025
-0.987248 0.382830
0.052243 0.019032
18.902051 -1.773911
0.995547 0.342061
-0.832373 0.743415
0.082560 0.063182
-7.792897 -7.213241
0.908155 0.610300
0.230457 0.277106
-0.273107 -1.753450
-0.402196 0.169593
-0.838513 3.182389
-0.554108 1.032277
0.088701 0.116548
5.374503 -3.828183
0.492000 -0.691234
0.319432 0.237716
1.507537 -0.108551
-0.178394 0.287535
3.800027 -1.097222
-0.022258 1.252630
-0.025331 -0.754914
0.145071 0.289606
-1.781206 1.088138
-0.516419 -0.068233
2.556154 -1.410985
-0.737047 1.122080
0.200404 -0.674939
0.368751 0.201737
0.999962 0.949732
-0.042813 0.271535
-3.004701 -3.532880
0.260570 1.187363
0.803149 -1.636130
0.511839 -0.263418
0.059322 -0.734788
0.221202 0.279604
-0.609932 -1.698682
-0.420465 0.148572
0.153861 3.238792
